0 0 0
1000 150 136
2000 322 293
3000 503 455
4000 695 617
5000 888 785
6000 1081 953
7000 1245 1001
8000 1334 1154
9000 1512 1314
10000 1693 1470
11000 1883 1676
12000 1992 1706
13000 2201 1902
14000 2380 2016
15000 2519 2151
16000 2745 2327
17000 2895 2467
18000 3086 2622
19000 3271 2822
20000 3369 2880
21000 3475 2939
22000 3883 3090
23000 3840 3239
24000 4097 3491
25000 4213 3616
26000 4516 3740
27000 4973 3956
28000 5058 4115
29000 5336 4200
30000 5330 4413
31000 5345 4624
32000 5729 4732
33000 6047 4765
34000 5930 5063
35000 6157 5148
36000 6655 5222
37000 6739 5625
38000 6702 5539
39000 7085 5697
40000 7236 5943
41000 7596 6045
42000 7686 6501
43000 8095 6706
44000 8109 6677
45000 8077 6630
46000 8570 6803
47000 8706 7096
48000 9641 7412
49000 9313 7519
50000 9532 7710
51000 9460 7887
52000 9489 7898
53000 9751 8086
54000 9973 8250
55000 10275 8610
56000 10721 8376
57000 10681 8733
58000 10923 8953
59000 10905 9161
60000 11227 9602
61000 11760 9454
62000 11901 9627
63000 11770 9684
64000 12128 9664
65000 12613 10205
66000 12363 10231
67000 12765 10316
68000 13134 10493
69000 13308 10704
70000 13540 10889
71000 13921 10981
72000 14548 11515
73000 14549 11831
74000 14451 11603
75000 14500 11596
76000 14707 11620
77000 14991 11906
78000 15119 12204
79000 16003 12469
80000 15625 12892
81000 16318 12619
82000 16028 12915
83000 16245 12864
84000 17167 13574
85000 17161 13485
86000 16897 13532
87000 17098 13690
88000 17166 13819
89000 18369 14354
90000 17833 14699
91000 18066 14391
92000 18615 14450
93000 18395 14913
94000 18656 14949
95000 18798 15019
96000 19365 15641
97000 19390 15622
98000 20391 15937
99000 21089 16144
