0 1.1e-05
10 0
20 1e-06
30 0
40 0
50 1e-06
60 1e-06
70 1e-06
80 0
90 0
100 0
110 0
120 0
130 0
140 1e-06
150 1e-06
160 1e-06
170 0
180 0
190 2e-06
200 2e-06
210 2e-06
220 1e-06
230 0
240 1e-06
250 1e-06
260 1e-06
270 1e-06
280 1e-06
290 1e-06
300 1e-06
310 1e-06
320 1e-06
330 1e-06
340 1e-06
350 2e-06
360 2e-06
370 2e-06
380 2e-06
390 1e-06
400 1e-06
410 1e-06
420 2e-06
430 1e-06
440 1e-06
450 2e-06
460 1e-06
470 1e-06
480 1e-06
490 1e-06
500 3e-06
510 3e-06
520 3e-06
530 3e-06
540 2e-06
550 2e-06
560 2e-06
570 2e-06
580 2e-06
590 2e-06
600 2e-06
610 2e-06
620 1e-06
630 1e-06
640 2e-06