0 1.7e-05
10 1e-06
20 0
30 0
40 2e-06
50 2e-06
60 0
70 1e-06
80 0
90 1e-06
100 0
110 0
120 1e-06
130 0
140 1e-06
150 1e-06
160 0
170 1e-06
180 0
190 1e-06
200 0
210 1e-06
220 0
230 1e-06
240 1e-06
250 0
260 1e-06
270 0
280 2e-06
290 0
300 1e-06
310 1e-06
320 1e-06
330 1e-06
340 0
350 1e-06
360 0
370 1e-06
380 1e-06
390 0
400 1e-06
410 0
420 1e-06
430 0
440 1e-06
450 1e-06
460 1e-06
470 2e-06
480 1e-06
490 2e-06
500 1e-06
510 2e-06
520 1e-06
530 2e-06
540 2e-06
550 1e-06
560 2e-06
570 1e-06
580 2e-06
590 1e-06
600 1e-06
610 1e-06
620 1e-06
630 2e-06
640 0