0 2e-06
10 2e-06
20 0
30 1e-06
40 1e-06
50 1e-06
60 2e-06
70 0
80 0
90 2e-06
100 1e-06
110 0
120 1e-06
130 1e-06
140 2e-06
150 1e-06
160 1e-06
170 2e-06
180 1e-06
190 1e-06
200 2e-06
210 1e-06
220 1e-06
230 3e-06
240 1e-06
250 1e-06
260 1e-06
270 2e-06
280 1e-06
290 1e-06
300 3e-06
310 2e-06
320 2e-06
330 1e-06
340 2e-06
350 2e-06
360 2e-06
370 3e-06
380 2e-06
390 2e-06
400 3e-06
410 2e-06
420 2e-06
430 2e-06
440 2e-06
450 2e-06
460 2e-06
470 3e-06
480 2e-06
490 3e-06
500 4e-06
510 3e-06
520 3e-06
530 3e-06
540 4e-06
550 2e-06
560 2e-06
570 3e-06
580 3e-06
590 3e-06
600 2e-06
610 3e-06
620 2e-06
630 3e-06
640 4e-06