0 81 82 142
10 58 48 108
20 64 42 98
30 79 37 98
40 84 35 96
50 84 35 95
60 84 35 95
70 140 29 107
80 124 28 104
90 124 28 103
100 124 28 103
110 124 28 102
120 124 28 102
130 208 22 136
140 208 22 135
150 207 22 135
160 208 22 134
170 208 22 134
180 208 22 134
190 208 22 134
200 208 22 134
210 243 22 134
220 201 22 154
230 222 21 134
240 202 21 135
250 372 15 213
260 368 15 249
270 387 15 211
280 407 16 308
290 381 16 239
300 416 16 258
310 382 16 233
320 388 16 221
330 456 15 211
340 372 15 204
350 369 15 210
360 375 15 211
370 359 15 207
380 356 15 204
390 368 15 204
400 346 14 196
410 358 14 197
420 336 14 191
430 336 14 190
440 336 14 190
450 325 14 198
460 327 13 184
470 326 13 184
480 326 13 184
490 326 13 184
500 686 8 322
510 591 8 341
520 679 8 321
530 599 8 343
540 594 9 325
550 620 8 311
560 611 8 307
570 631 8 307
580 591 8 307
590 590 8 306
600 607 8 306
610 591 8 309
620 592 8 306
630 592 8 305
640 592 8 304
650 592 8 304
660 592 8 304
670 609 8 304
680 686 8 366
690 611 8 329
700 592 8 306
710 593 8 305
720 591 8 305
730 592 8 305
740 592 8 304
750 592 8 304
760 590 8 304
770 592 8 304
780 594 8 304
790 620 8 303
800 593 8 303
810 590 8 303
820 590 8 304
830 592 8 304
840 593 8 304
850 592 8 303
860 590 8 303
870 592 8 304
880 593 8 303
890 595 8 304
900 576 8 295
910 577 8 295
920 576 8 295
930 575 8 295
940 576 8 295
950 576 8 295
960 576 8 295
970 576 8 295
980 576 8 295
990 576 8 295
