0 0 0 0
5 0 0 0
10 0 0 0
15 0 0 0
20 1 0 0
25 1 0 0.2
30 2 1 1
35 2 1 1.2
40 3 2 1.6
45 4 2 2.2
50 4 3 3.2
55 5 3 3.6
60 6 4 4.4
65 7 4 5.2
70 8 5 6.2
75 8 6 7.4
80 9 7 7.6
85 10 8 8.8
90 11 9 9.8
95 12 10 10.8
100 14 11 12.4
105 15 12 13.2
110 16 13 14.6
115 18 15 15.8
120 18 16 16.8
125 20 17 17.8
130 21 19 19.4
135 23 20 21.8
140 24 22 22.4
145 25 23 24.6
150 27 25 25.8
155 28 26 27
160 31 28 28.8
165 33 29 30.4
170 33 32 32.4
175 36 33 34
180 39 35 35.8
185 40 37 37.6
190 43 39 39.6
195 43 42 42.6
200 45 43 44.2
205 48 46 46.2
210 48 47 48.4
215 51 49 50.4
220 54 52 53.2
225 56 55 55
230 58 56 56.8
235 61 60 59.8
240 64 62 69.8
245 62 61 61.4
250 64 64 62.2
255 67 66 71.6
260 71 69 68.6
265 73 71 71.4
270 76 74 74.6
275 77 77 75.4
280 79 80 78.2
285 82 82 80.8
290 85 85 83.6
295 87 88 86.2
