0 1.3e-05
10 1e-06
20 0
30 0
40 1e-06
50 1e-06
60 0
70 0
80 1e-06
90 2e-06
100 1e-06
110 0
120 0
130 1e-06
140 0
150 0
160 0
170 2e-06
180 1e-06
190 0
200 0
210 1e-06
220 1.8e-05
230 1e-06
240 1e-06
250 0
260 1e-06
270 1e-06
280 1e-06
290 1e-06
300 1e-06
310 1e-06
320 1e-06
330 2e-06
340 1e-06
350 1e-06
360 1e-06
370 2e-06
380 1e-06
390 1e-06
400 1e-06
410 1e-06
420 1e-06
430 1e-06
440 2e-06
450 2e-06
460 1e-06
470 1e-06
480 3e-06
490 1e-06
500 1e-06
510 2e-06
520 2e-06
530 1e-06
540 1e-06
550 2e-06
560 2e-06
570 1e-06
580 1e-06
590 2e-06
600 1e-06
610 1e-06
620 2e-06
630 3e-06
640 2e-06
650 2e-06
660 2e-06
670 3e-06
680 2e-06
690 2e-06
700 1e-06
710 1e-06
720 2e-06
730 2e-06
740 2e-06
750 3e-06
760 1e-06
770 2e-06
780 2e-06
790 3e-06
800 2e-06
810 2e-06
820 2e-06
830 3e-06
840 2e-06
850 2e-06
860 2e-06
870 3e-06
880 2e-06
890 2e-06
900 2e-06
910 3e-06
920 2e-06
930 2e-06
940 2e-06
950 3e-06
960 2e-06
970 2e-06
980 2e-06
990 3e-06
1000 3e-06
1010 2e-06
1020 2e-06
1030 3e-06
1040 2e-06
1050 3e-06
1060 3e-06
1070 4e-06
1080 3e-06
1090 3e-06
1100 3e-06
1110 4e-06
1120 3e-06
1130 3e-06
1140 4e-06
1150 3e-06
1160 3e-06
1170 3e-06
1180 4e-06
1190 4e-06
1200 3e-06
1210 2e-06
1220 3e-06
1230 3e-06
1240 4e-06
1250 2e-06
1260 3e-06
1270 3e-06
1280 3e-06
1290 3e-06
1300 3e-06
1310 3e-06
1320 4e-06
1330 3e-06
1340 3e-06
1350 3e-06
1360 3e-06
1370 3e-06
1380 3e-06
1390 4e-06
1400 3e-06
1410 3e-06
1420 3e-06
1430 5e-06
1440 3e-06
1450 3e-06
1460 4e-06
1470 4e-06
1480 3e-06
1490 3e-06
1500 4e-06
1510 5e-06
1520 3e-06
1530 3e-06
1540 3e-06
1550 4e-06
1560 4e-06
1570 4e-06
1580 4e-06
1590 5e-06
1600 4e-06
1610 4e-06
1620 4e-06
1630 5e-06
1640 4e-06
1650 3e-06
1660 3e-06
1670 4e-06
1680 4e-06
1690 4e-06
1700 4e-06
1710 4e-06
1720 4e-06
1730 4e-06
1740 4e-06
1750 5e-06
1760 4e-06
1770 4e-06
1780 4e-06
1790 4e-06
1800 5e-06
1810 4e-06
1820 4e-06
1830 4e-06
1840 6e-06
1850 4e-06
1860 4e-06
1870 4e-06
1880 4e-06
1890 5e-06
1900 5e-06
1910 4e-06
1920 5e-06
1930 4e-06
1940 5e-06
1950 4e-06
1960 5e-06
1970 5e-06
1980 4e-06
1990 5e-06
2000 4e-06
2010 5e-06
2020 5e-06
2030 5e-06
2040 6e-06
2050 6e-06
2060 5e-06
2070 5e-06
2080 5e-06
2090 5e-06
2100 6e-06
2110 5e-06
2120 5e-06
2130 4e-06
2140 4e-06
2150 5e-06
2160 5e-06
2170 5e-06
2180 5e-06
2190 5e-06
2200 6e-06
2210 5e-06
2220 5e-06
2230 5e-06
2240 5e-06
2250 5e-06
2260 6e-06
2270 5e-06
2280 5e-06
2290 5e-06
2300 5e-06
2310 6e-06
2320 7e-06
2330 5e-06
2340 5e-06
2350 5e-06
2360 5e-06
2370 6e-06
2380 5e-06
2390 6e-06
2400 5e-06
2410 5e-06
2420 6e-06
2430 6e-06
2440 5e-06
2450 5e-06
2460 5e-06
2470 7e-06
2480 7e-06
2490 5e-06
2500 5e-06
2510 5e-06
2520 5e-06
2530 6e-06
2540 6e-06
2550 6e-06
2560 6e-06
2570 5e-06
2580 6e-06
2590 5e-06
2600 5e-06
2610 6e-06
2620 6e-06
2630 6e-06
2640 7e-06
2650 6e-06
2660 5e-06
2670 6e-06
2680 6e-06
2690 6e-06
2700 6e-06
2710 7e-06
2720 6e-06
2730 6e-06
2740 6e-06
2750 6e-06
2760 7e-06
2770 7e-06
2780 6e-06
2790 6e-06
2800 6e-06
2810 6e-06
2820 6e-06
2830 7e-06
2840 6e-06
2850 6e-06
2860 6e-06
2870 6e-06
2880 7e-06
2890 7e-06
2900 6e-06
2910 7e-06
2920 7e-06
2930 6e-06
2940 6e-06
2950 6e-06
2960 8e-06
2970 7e-06
2980 7e-06
2990 7e-06
3000 7e-06
3010 7e-06
3020 7e-06
3030 8e-06
3040 7e-06
3050 7e-06
3060 7e-06
3070 7e-06
3080 7e-06
3090 7e-06
3100 6e-06
3110 7e-06
3120 7e-06
3130 7e-06
3140 7e-06
3150 7e-06
3160 7e-06
3170 7e-06
3180 6e-06
3190 7e-06
3200 7e-06
3210 7e-06
3220 8e-06
3230 7e-06
3240 7e-06
3250 7e-06
3260 7e-06
3270 7e-06
3280 7e-06
3290 8e-06
3300 8e-06
3310 8e-06
3320 7e-06
3330 7e-06
3340 7e-06
3350 7e-06
3360 7e-06
3370 8e-06
3380 7e-06
3390 7e-06
3400 8e-06
3410 1e-05
3420 7e-06
3430 7e-06
3440 8e-06
3450 9e-06
3460 7e-06
3470 7e-06
3480 7e-06
3490 7e-06
3500 7e-06
3510 7e-06
3520 9e-06
3530 9e-06
3540 7e-06
3550 7e-06
3560 7e-06
3570 7e-06
3580 8e-06
3590 8e-06
3600 8e-06
3610 9e-06
3620 8e-06
3630 7e-06
3640 8e-06
3650 8e-06
3660 8e-06
3670 8e-06
3680 9e-06
3690 8e-06
3700 8e-06
3710 8e-06
3720 8e-06
3730 8e-06
3740 7e-06
3750 8e-06
3760 8e-06
3770 9e-06
3780 9e-06
3790 8e-06
3800 8e-06
3810 8e-06
3820 8e-06
3830 9e-06
3840 8e-06
3850 8e-06
3860 1e-05
3870 8e-06
3880 8e-06
3890 8e-06
3900 9e-06
3910 8e-06
3920 9e-06
3930 8e-06
3940 9e-06
3950 9e-06
3960 8e-06
3970 9e-06
3980 8e-06
3990 9e-06
4000 9e-06
4010 9e-06
4020 1e-05
4030 9e-06
4040 9e-06
4050 9e-06
4060 9e-06
4070 1e-05
4080 9e-06
4090 9e-06
4100 8e-06
4110 8e-06
4120 1e-05
4130 9e-06
4140 9e-06
4150 9e-06
4160 8e-06
4170 1e-05
4180 9e-06
4190 9e-06
4200 9e-06
4210 9e-06
4220 9e-06
4230 1e-05
4240 9e-06
4250 9e-06
4260 9e-06
4270 9e-06
4280 1e-05
4290 1e-05
4300 9e-06
4310 9e-06
4320 9e-06
4330 9e-06
4340 1.1e-05
4350 1e-05
4360 9e-06
4370 9e-06
4380 1e-05
4390 1e-05
4400 9e-06
4410 1e-05
4420 1e-05
4430 1e-05
4440 1.2e-05
4450 1e-05
4460 9e-06
4470 1e-05
4480 1e-05
4490 1e-05
4500 1.1e-05