0 1.3e-05
10 2e-06
20 0
30 1e-06
40 1e-06
50 0
60 0
70 1e-06
80 1e-06
90 0
100 1e-06
110 2e-06
120 2e-06
130 1e-06
140 2e-06
150 2e-06
160 1e-06
170 0
180 1e-06
190 1e-06
200 0
210 0
220 1e-06
230 1e-06
240 0
250 0
260 1e-06
270 2e-06
280 1e-06
290 1e-06
300 1e-06
310 1e-06
320 0
330 0
340 0
350 1e-06
360 0
370 0
380 0
390 0
400 1e-06
410 2e-06
420 1e-06
430 1e-06
440 2e-06
450 0
460 0
470 0
480 1e-06
490 1e-06
500 0
510 0
520 1e-06
530 1e-06
540 0
550 1e-06
560 2e-06
570 2e-06
580 0
590 0
600 0
610 1e-06
620 1e-06
630 0
640 0
650 1e-06
660 1e-06
670 0
680 1e-06
690 2e-06
700 2e-06
710 0
720 0
730 0
740 1e-06
750 1e-06
760 0
770 0
780 0
790 1e-06
800 2e-06
810 1e-06
820 1e-06
830 1e-06
840 1e-06
850 0
860 0
870 1e-06
880 1e-06
890 0
900 0
910 1e-06
920 1e-06
930 1e-06
940 1e-06
950 2e-06
960 2e-06
970 0
980 0
990 0
1000 1e-06
1010 0
1020 0
1030 0
1040 1e-06
1050 1e-06
1060 0
1070 1e-06
1080 2e-06
1090 2e-06
1100 1e-06
1110 1e-06
1120 1e-06
1130 1e-06
1140 0
1150 0
1160 1e-06
1170 1e-06
1180 0
1190 0
1200 2e-06
1210 2e-06
1220 1e-06
1230 1e-06
1240 1e-06
1250 1e-06
1260 0
1270 0
1280 1e-06
1290 1e-06
1300 0
1310 0
1320 1e-06
1330 2e-06
1340 1e-06
1350 1e-06
1360 2e-06
1370 1e-06
1380 0
1390 0
1400 1e-06
1410 1e-06
1420 0
1430 0
1440 1e-06
1450 1e-06
1460 1e-06
1470 1e-06
1480 2e-06
1490 0
1500 0
1510 0
1520 1e-06
1530 1e-06
1540 0
1550 0
1560 1e-06
1570 2e-06
1580 1e-06
1590 1e-06
1600 2e-06
1610 1e-06
1620 0
1630 0
1640 1e-06
1650 1e-06
1660 0
1670 0
1680 0
1690 2e-06
1700 2e-06
1710 1e-06
1720 1e-06
1730 1e-06
1740 1e-06
1750 0
1760 0
1770 1e-06
1780 1e-06
1790 0
1800 0
1810 1e-06
1820 1e-06
1830 1e-06
1840 1e-06
1850 1e-06
1860 0
1870 0
1880 0
1890 1e-06
1900 1e-06
1910 0
1920 0
1930 1e-06
1940 2e-06
1950 1e-06
1960 1e-06
1970 2e-06
1980 1e-06
1990 0
2000 0
2010 1e-06
2020 1e-06
2030 0
2040 0
2050 1e-06
2060 1e-06
2070 1e-06
2080 1e-06
2090 2e-06
2100 1e-06
2110 0
2120 0
2130 1e-06
2140 1e-06
2150 0
2160 0
2170 1e-06
2180 1e-06
2190 2e-06
2200 1e-06
2210 2e-06
2220 1e-06
2230 0
2240 0
2250 1e-06
2260 1e-06
2270 0
2280 0
2290 0
2300 1e-06
2310 1e-06
2320 1e-06
2330 1e-06
2340 2e-06
2350 1e-06
2360 0
2370 0
2380 1e-06
2390 1e-06
2400 0
2410 0
2420 0
2430 1e-06
2440 2e-06
2450 1e-06
2460 1e-06
2470 2e-06
2480 1e-06
2490 0
2500 0
2510 1e-06
2520 1e-06
2530 0
2540 0
2550 1e-06
2560 1e-06
2570 1e-06
2580 1e-06
2590 2e-06
2600 2e-06
2610 0
2620 0
2630 0
2640 1e-06
2650 1e-06
2660 0
2670 0
2680 1e-06
2690 2e-06
2700 1e-06
2710 1e-06
2720 2e-06
2730 0
2740 0
2750 0
2760 1e-06
2770 1e-06
2780 0
2790 0
2800 1e-06
2810 1e-06
2820 1e-06
2830 1e-06
2840 2e-06
2850 2e-06
2860 0
2870 0
2880 1e-06
2890 1e-06
2900 0
2910 0
2920 1e-06
2930 2e-06
2940 1e-06
2950 1e-06
2960 2e-06
2970 1e-06
2980 0
2990 0
3000 0
3010 1e-06
3020 1e-06
3030 0
3040 0
3050 1e-06
3060 2e-06
3070 1e-06
3080 2e-06
3090 1e-06
3100 0
3110 0
3120 1e-06
3130 1e-06
3140 0
3150 0
3160 0
3170 1e-06
3180 1e-06
3190 1e-06
3200 1e-06
3210 2e-06
3220 1e-06
3230 0
3240 0
3250 1e-06
3260 1e-06
3270 0
3280 0
3290 1e-06
3300 1e-06
3310 1e-06
3320 1e-06
3330 2e-06
3340 2e-06
3350 0
3360 0
3370 1e-06
3380 1e-06
3390 0
3400 0
3410 1e-06
3420 1e-06
3430 1e-06
3440 1e-06
3450 2e-06
3460 2e-06
3470 0
3480 0
3490 0
3500 1e-06
3510 1e-06
3520 0
3530 0
3540 1e-06
3550 1e-06
3560 1e-06
3570 1e-06
3580 2e-06
3590 1e-06
3600 0
3610 0
3620 1e-06
3630 1e-06
3640 0
3650 0
3660 1e-06
3670 2e-06
3680 1e-06
3690 1e-06
3700 2e-06
3710 1e-06
3720 0
3730 0
3740 1e-06
3750 1e-06
3760 0
3770 0
3780 0
3790 1e-06
3800 1e-06
3810 0
3820 0
3830 2e-06
3840 2e-06
3850 1e-06
3860 0
3870 1e-06
3880 1e-06
3890 0
3900 0
3910 0
3920 1e-06
3930 1e-06
3940 0
3950 1e-06
3960 2e-06
3970 2e-06
3980 1e-06
3990 0
4000 1e-06
4010 1e-06
4020 0
4030 0
4040 0
4050 1e-06
4060 1e-06
4070 0
4080 1e-06
4090 2e-06
4100 2e-06
4110 1e-06
4120 0
4130 1e-06
4140 1e-06
4150 0
4160 0
4170 1e-06
4180 1e-06
4190 0
4200 1e-06
4210 2e-06
4220 2e-06
4230 0
4240 0
4250 1e-06
4260 1e-06
4270 0
4280 0
4290 1e-06
4300 1e-06
4310 0
4320 0
4330 1e-06
4340 1e-06
4350 1e-06
4360 1e-06
4370 2e-06
4380 2e-06
4390 0
4400 0
4410 1e-06
4420 1e-06
4430 0
4440 0
4450 1e-06
4460 0
4470 1e-06
4480 1e-06
4490 1e-06
4500 2e-06
4510 0
4520 0
4530 0
4540 2e-06
4550 1e-06
4560 1e-06
4570 1e-06
4580 0
4590 0
4600 1e-06
4610 2e-06
4620 1e-06
4630 3e-06
4640 1e-06
4650 1e-06
4660 1e-06
4670 1e-06
4680 1e-06
4690 1e-06
4700 1e-06
4710 1e-06
4720 1e-06