0 1e-06
10 2e-06
20 0
30 2e-06
40 0
50 0
60 1e-06
70 0
80 1e-06
90 1e-06
100 1e-06
110 0
120 1e-06
130 1e-06
140 1e-06
150 1e-06
160 1e-06
170 1e-06
180 1e-06
190 2e-06
200 2e-06
210 2e-06
220 2e-06
230 1e-06
240 1e-06
250 1e-06
260 1e-06
270 2e-06
280 2e-06
290 1e-06
300 2e-06
310 2e-06
320 1e-06
330 2e-06
340 3e-06
350 3e-06
360 3e-06
370 3e-06
380 3e-06
390 2e-06
400 2e-06
410 2e-06
420 2e-06
430 2e-06
440 3e-06
450 2e-06
460 3e-06
470 3e-06
480 3e-06
490 3e-06
500 4e-06
510 2e-06
520 2e-06
530 3e-06
540 2e-06
550 3e-06
560 4e-06
570 2e-06
580 3e-06
590 3e-06
600 3e-06
610 4e-06
620 3e-06
630 3e-06
640 3e-06
650 3e-06
660 4e-06
670 4e-06
680 3e-06
690 3e-06
700 4e-06
710 3e-06
720 3e-06
730 3e-06
740 3e-06
750 5e-06
760 4e-06
770 3e-06
780 3e-06
790 3e-06
800 5e-06
810 3e-06
820 4e-06
830 4e-06
840 4e-06
850 5e-06
860 5e-06
870 4e-06
880 4e-06
890 4e-06
900 5e-06
910 5e-06
920 4e-06
930 4e-06
940 4e-06
950 5e-06
960 4e-06
970 4e-06
980 4e-06
990 5e-06
1000 5e-06
1010 5e-06
1020 5e-06
1030 4e-06
1040 6e-06
1050 5e-06
1060 4e-06
1070 5e-06
1080 5e-06
1090 6e-06
1100 4e-06
1110 5e-06
1120 5e-06
1130 6e-06
1140 5e-06
1150 5e-06
1160 5e-06
1170 5e-06
1180 7e-06
1190 6e-06
1200 5e-06
1210 6e-06
1220 6e-06
1230 7e-06
1240 5e-06
1250 5e-06
1260 5e-06
1270 6e-06
1280 7e-06
1290 5e-06
1300 6e-06
1310 6e-06
1320 7e-06
1330 7e-06
1340 6e-06
1350 5e-06
1360 6e-06
1370 7e-06
1380 5e-06
1390 6e-06
1400 6e-06
1410 7e-06
1420 6e-06
1430 6e-06
1440 6e-06
1450 7e-06
1460 7e-06
1470 6e-06
1480 6e-06
1490 6e-06
1500 8e-06
1510 7e-06
1520 6e-06
1530 7e-06
1540 6e-06
1550 8e-06
1560 8e-06
1570 7e-06
1580 7e-06
1590 7e-06
1600 8e-06
1610 8e-06
1620 7e-06
1630 7e-06
1640 7e-06
1650 8e-06
1660 7e-06
1670 7e-06
1680 7e-06
1690 8e-06
1700 7e-06
1710 7e-06
1720 7e-06
1730 9e-06
1740 8e-06
1750 7e-06
1760 7e-06
1770 8e-06
1780 8e-06
1790 8e-06
1800 8e-06
1810 8e-06
1820 9e-06
1830 9e-06
1840 7e-06
1850 8e-06
1860 8e-06
1870 9e-06
1880 8e-06
1890 8e-06
1900 8e-06
1910 9e-06
1920 8e-06
1930 8e-06
1940 8e-06
1950 9e-06
1960 9e-06
1970 8e-06
1980 9e-06
1990 8e-06
2000 9e-06
2010 9e-06
2020 9e-06
2030 9e-06
2040 9e-06
2050 1e-05
2060 9e-06
2070 9e-06
2080 9e-06
2090 1e-05
2100 1e-05
2110 9e-06
2120 9e-06
2130 9e-06
2140 1e-05
2150 9e-06
2160 9e-06
2170 9e-06
2180 9e-06
2190 1e-05
2200 9e-06
2210 1e-05
2220 1e-05
2230 9e-06
2240 1e-05
2250 1e-05
2260 9e-06
2270 1e-05
2280 1.1e-05
2290 1e-05
2300 1e-05
2310 1e-05
2320 1e-05
2330 1.1e-05
2340 1e-05
2350 1e-05
2360 1e-05
2370 1e-05
2380 1.1e-05
2390 1e-05
2400 1.1e-05
2410 1.1e-05
2420 1.1e-05
2430 1.1e-05
2440 1e-05
2450 1e-05
2460 1.1e-05
2470 1.2e-05
2480 1e-05
2490 1.1e-05
2500 1.1e-05
2510 1.1e-05
2520 1.2e-05
2530 1.1e-05
2540 1.1e-05
2550 1.1e-05
2560 1e-05
2570 1.1e-05
2580 1.2e-05
2590 1.1e-05
2600 1.1e-05
2610 1.1e-05
2620 1e-05
2630 1.2e-05
2640 1.1e-05
2650 1.1e-05
2660 1.2e-05
2670 1.1e-05
2680 1.1e-05
2690 1.1e-05
2700 1.1e-05
2710 1.2e-05
2720 1.1e-05
2730 1.1e-05
2740 1.2e-05
2750 1.1e-05
2760 1.1e-05
2770 1.1e-05
2780 1.1e-05
2790 1.2e-05
2800 1.2e-05
2810 1.2e-05
2820 1.2e-05
2830 1.1e-05
2840 1.2e-05
2850 1.1e-05
2860 1.2e-05
2870 1.2e-05
2880 1.2e-05
2890 1.2e-05
2900 1.2e-05
2910 1.2e-05
2920 1.2e-05
2930 1.2e-05
2940 1.2e-05
2950 1.3e-05
2960 1.2e-05
2970 1.2e-05
2980 1.3e-05
2990 1.2e-05
3000 1.2e-05
3010 1.3e-05
3020 1.2e-05
3030 1.2e-05
3040 1.2e-05
3050 1.3e-05
3060 1.4e-05
3070 1.2e-05
3080 1.3e-05
3090 1.4e-05
3100 1.2e-05
3110 1.3e-05
3120 1.2e-05
3130 1.3e-05
3140 1.4e-05
3150 2.7e-05
3160 1.3e-05
3170 1.2e-05
3180 1.3e-05
3190 1.3e-05
3200 1.3e-05
3210 1.3e-05
3220 1.4e-05
3230 1.3e-05
3240 1.3e-05
3250 1.3e-05
3260 1.4e-05
3270 1.3e-05
3280 1.4e-05
3290 1.3e-05
3300 1.4e-05
3310 1.4e-05
3320 1.3e-05
3330 1.3e-05
3340 1.3e-05
3350 1.4e-05
3360 1.3e-05
3370 1.4e-05
3380 1.3e-05
3390 1.3e-05
3400 1.4e-05
3410 1.5e-05
3420 1.4e-05
3430 1.4e-05
3440 1.4e-05
3450 1.4e-05
3460 1.3e-05
3470 1.5e-05
3480 1.4e-05
3490 1.5e-05
3500 1.4e-05
3510 1.4e-05
3520 1.4e-05
3530 1.4e-05
3540 1.5e-05
3550 1.4e-05
3560 1.5e-05
3570 1.4e-05
3580 1.5e-05
3590 1.5e-05
3600 1.4e-05
3610 1.4e-05
3620 1.4e-05
3630 1.5e-05
3640 1.4e-05
3650 1.4e-05
3660 1.4e-05
3670 1.4e-05
3680 1.5e-05
3690 1.5e-05
3700 1.5e-05
3710 1.5e-05
3720 1.6e-05
3730 1.6e-05
3740 1.5e-05
3750 1.5e-05
3760 1.5e-05
3770 1.5e-05
3780 1.5e-05
3790 1.5e-05
3800 1.5e-05
3810 1.6e-05
3820 1.5e-05
3830 1.5e-05
3840 1.5e-05
3850 1.6e-05
3860 1.7e-05
3870 1.7e-05
3880 1.7e-05
3890 1.7e-05
3900 1.7e-05
3910 1.6e-05
3920 1.6e-05
3930 1.6e-05
3940 1.5e-05
3950 1.5e-05
3960 1.6e-05
3970 1.6e-05
3980 1.5e-05
3990 1.6e-05
4000 1.6e-05
4010 1.6e-05
4020 1.6e-05
4030 1.5e-05
4040 1.6e-05
4050 1.7e-05
4060 1.7e-05
4070 1.7e-05
4080 1.7e-05
4090 3.1e-05
4100 1.6e-05
4110 1.7e-05
4120 1.7e-05
4130 1.6e-05
4140 1.7e-05
4150 1.7e-05
4160 1.6e-05
4170 1.6e-05
4180 1.6e-05
4190 1.6e-05
4200 1.6e-05
4210 1.6e-05
4220 1.6e-05
4230 1.7e-05
4240 1.6e-05
4250 1.6e-05
4260 1.6e-05
4270 1.6e-05
4280 1.6e-05
4290 1.6e-05
4300 1.6e-05
4310 1.6e-05
4320 1.6e-05
4330 1.7e-05
4340 1.7e-05
4350 1.8e-05
4360 1.7e-05
4370 1.8e-05
4380 1.8e-05
4390 1.7e-05
4400 1.7e-05
4410 1.7e-05
4420 1.7e-05
4430 1.7e-05
4440 1.7e-05
4450 1.7e-05
4460 1.7e-05
4470 1.7e-05
4480 1.7e-05
4490 1.7e-05
4500 1.7e-05
4510 1.7e-05
4520 1.8e-05
4530 1.8e-05
4540 1.9e-05
4550 1.9e-05
4560 1.9e-05
4570 1.9e-05
4580 1.9e-05
4590 1.8e-05
4600 1.7e-05
4610 1.7e-05
4620 1.8e-05
4630 1.8e-05
4640 1.8e-05
4650 1.7e-05
4660 1.8e-05
4670 1.8e-05
4680 1.8e-05
4690 1.8e-05
4700 1.8e-05
4710 1.8e-05
4720 1.8e-05
4730 1.8e-05
4740 1.9e-05
4750 1.9e-05